528
985
494
3
758
40
666
147
649
414
745
62
198
860
779
586
151
920
82
204
826
201
82
929
666
446
573
947
32
419
65
865
77
847
929
731
287
392
926
600
568
57
915
617
7
241
428
263
489
544
962
274
501
89
251
167
428
788
678
236
264
671
588
32
481
710
807
270
594
650
410
227
220
335
489
588
330
865
830
931
954
978
859
173
330
992
78
874
12
318
758
999
922
609
38
812
252
436
729
178
699
560
931
754
558
531
868
10
240
435
336
337
27
749
952
38
408
222
71
431
426
624
352
664
613
814
182
711
459
524
518
791
98
174
872
865
977
730
932
336
905
871
225
792
595
339
652
271
870
700
964
527
786
284
781
668
291
500
307
105
135
510
672
147
536
581
100
339
563
937
141
297
113
243
30
276
439
844
514
299
529
483
883
151
236
923
911
224
80
4
414
23
184
933
486
167
949
515
390
272
628
696
888
309
597
774
914
617
922
267
175
367
894
258
233
926
536
458
454
12
886
719
30
520
192
691
783
354
564
464
503
984
97
223
369
868
350
833
581
334
942
715
897
937
607
411
908
869
154
963
986
594
921
42
175
452
864
670
392
300
613
244
18
532
340
307
443
971
974
493
351
614
746
742
324
109
607
29
992
204
933
282
413
405
240
677
671
921
749
981
946
560
98
147
986
760
170
749
695
193
289
38
87
111
790
337
626
139
6
731
66
905
222
505
678
849
348
848
500
651
218
661
488
813
961
110
158
976
60
466
159
344
536
712
338
224
356
15
734
328
670
932
267
754
347
918
364
95
195
619
437
339
142
848
410
823
335
692
46
668
141
39
113
525
277
572
529
596
103
442
60
399
902
274
840
516
481
314
512
89
643
836
973
154
447
974
669
987
361
461
657
138
346
144
853
544
791
97
190
596
464
380
869
659
452
553
175
986
306
284
151
576
447
830
983
656
264
313
567
361
894
621
250
296
932
149
534
84
822
210
655
77
812
442
289
80
701
48
727
798
256
890
977
464
243
856
422
94
270
433
863
518
116
762
90
166
978
464
203
786
203
151
73
432
993
635
903
551
228
271
515
290
165
596
333
398
233
453
65
692
996
857
732
465
864
991
903
350
843
343
632
198
36
973
271
577
5
483
645
954
835
118
269
949
323
417
417
272
128
904
424
824
356
489
80
449
525
536
260
515
634
975
802
831
467
779
880
477
798
815
775
143
477
161
222
520
900
72
695
481
766
205
832
443
446
226
715
530
802
10
689
409
585
187
317
236
466
128
753
491
166
503
71
276
174
284
506
757
208
575
140
161
523
979
415
730
207
160
112
578
901
153
323
159
941
831
646
102
28
190
787
49
157
557
282
451
985
948
680
304
691
848
389
832
558
465
373
398
948
99
268
758
94
866
901
966
608
1
7
232
397
490
132
288
700
902
1000
800
195
478
631
614
175
119
29
357
191
2
970
968
231
432
675
705
700
270
78
451
147
399
765
376
610
677
129
494
914
771
979
501
156
845
590
111
314
261
723
980
324
11
858
190
23
396
209
509
950
152
890
351
827
924
919
538
331
14
368
63
397
21
978
607
414
363
561
362
93
888
37
644
98
592
792
781
622
690
373
147
6
405
84
255
898
903
980
931
983
41
110
426
970
165
105
862
736
408
119
911
93
903
505
890
91
97
740
801
402
946
290
404
110
876
635
401
98
467
784
369
953
849
761
215
330
748
726
608
329
351
29
266
48
228
278
944
100
716
330
643
373
542
306
503
501
847
387
142
648
597
504
549
230
221
608
25
112
833
269
934
868
848
13
880
380
471
955
943
771
956
432
103
11
403
797
928
896
495
791
691
573
119
701
296
94
422
577
822
567
51
233
923
453
635
968
394
507
142
894
367
752
677
385
782
657
56
432
101
618
164
894
260
128
460
762
56
128
91
386
802
609
271
839
635
224
606
747
473
268
249
197
428
869
674
87
879
244
52
93
566
363
120
934
729
360
762
790
345
346
45
677
821
795
777
477
80
239
871
865
892
650
403
183
676
210
724
604
866
212
631
206
639
710
571
901
537
10
144
2
578
533
924
474
112
601
127
328
670
336
694
380
518
353
678
703
442
929
471
790
243
662
154
980
85
691
961
425
662
45
834
896
499
902
931
91
866
133
306
356
622
866
709
603
87
331
853
206
544
572
217
615
68
308
701
913
301
11
740
732
892
264
576
89
238
971
390
271
338
85
628
482
172
375
421
235
943
370
639
913
53
113
865
82
146
371
267
945
216
602
373
632
915
927
779
187
845
675
516
958
124
852
499
186
530
2
410
571
988
59
626
590
52
989
602
934
337
685
981
951
330
53
190
603
64
641
892
350
25
157
922
112
461
114
172
839
515
581
230
187
255
975
445
409
504
802
507
353
104
71
803
643
656
633
515
537
33
307
682
956
446
828
617
709
265
1000
219
628
916
158
519
56
372
832
592
369
281
455
19
609
322
960
152
790
473
573
392
487
194
827
79
93
656
749
199
745
379
461
819
884
241
951
411
166
720
411
927
649
530
531
592
802
624
670
461
630
186
8
362
398
638
671
397
865
875
285
13
959
405
537
161
938
952
940
794
133
785
816
721
842
436
760
432
555
917
715
779
679
393
493
401
486
221
518
746
44
930
283
527
101
660
53
662
920
750
180
844
750
440
37
172
447
239
795
608
603
526
584
977
342
776
250
687
628
631
470
969
255
456
816
406
922
540
530
926
590
834
221
749
161
430
990
111
129
260
380
307
676
615
676
409
830
472
873
699
167
901
128
404
870
561
15
470
266
722
878
490
86
627
969
787
599
428
182
444
335
171
701
175
338
509
744
493
239
867
96
591
436
744
255
289
730
994
704
913
217
916
950
968
736
421
209
337
902
862
8
768
846
609
547
666
250
450
921
700
461
344
396
412
923
688
413
919
767
169
842
871
50
567
444
276
989
831
452
846
739
656
440
998
851
12
92
834
394
512
721
692
119
423
781
372
519
693
641
858
895
866
412
408
11
220
214
169
66
193
223
965
559
212
407
704
744
625
77
4
561
570
363
75
170
562
830
351
539
150
963
251
787
545
945
906
914
276
915
818
36
206
489
367
812
35
766
992
506
866
672
992
634
188
198
589
297
450
315
355
567
199
282
831
688
892
138
817
898
997
894
78
835
311
787
144
748
302
852
601
361
559
969
711
1000
94
673
640
780
634
272
821
709
841
183
494
398
246
536
144
600
728
761
500
590
585
844
461
942
588
170
542
112
138
391
268
580
740
926
264
708
97
448
826
651
839
961
784
726
473
760
89
948
675
617
952
948
342
662
623
663
485
149
96
475
865
208
482
890
710
669
201
972
867
697
747
947
148
107
944
532
619
948
606
912
600
147
62
150
517
711
280
149
78
99
798
124
936
289
733
429
497
875
424
366
825
39
526
336
773
962
66
620
433
578
499
261
191
118
533
251
238
121
124
240
654
748
191
289
682
478
539
412
44
5
944
512
473
619
242
643
495
748
342
605
788
378
69
620
968
561
971
288
941
609
145
770
319
361
362
693
344
899
997
878
916
277
608
711
818
932
854
166
568
304
330
412
925
939
443
857
141
397
765
402
208
305
791
886
83
631
91
362
218
986
631
221
101
984
78
475
938
578
86
561
963
166
232
41
960
773
773
862
967
268
622
384
19
858
361
512
879
820
327
436
552
590
308
986
55
416
696
53
911
973
782
767
938
260
202
768
232
708
496
523
739
819
337
489
466
444
600
910
152
497
317
883
868
445
441
987
692
198
297
470
474
217
546
377
93
686
33
148
56
162
1000
903
720
116
503
806
115
565
979
30
160
505
216
779
721
930
23
669
142
173
299
924
905
474
374
777
738
253
21
319
383
910
924
324
966
554
378
862
272
749
297
23
462
560
91
685
385
622
249
732
514
883
464
958
817
638
564
142
903
254
687
623
804
693
3
128
462
867
141
863
913
577
75
763
730
495
40
430
821
300
794
118
328
403
164
556
184
493
187
279
734
851
535
95
796
181
216
240
155
201
710
252
890
351
566
618
746
347
182
384
354
203
468
487
468
152
123
775
979
994
330
317
576
809
65
833
551
499
880
56
570
864
893
252
591
430
302
403
361
885
511
888
38
235
451
331
887
816
263
538
825
357
925
316
151
310
196
801
424
338
559
685
496
947
411
990
732
432
406
279
620
657
899
571
34
809
433
312
621
782
396
204
577
400
773
597
375
248
91
250
297
315
816
208
536
686
369
212
873
704
747
751
464
979
961
610
103
435
132
587
147
763
98
324
291
851
63
496
281
108
192
591
961
911
898
853
901
833
223
597
621
533
132
315
2
535
575
460
983
578
274
289
578
564
796
173
455
378
448
773
166
704
804
249
949
948
839
174
541
301
544
679
419
476
949
319
807
727
437
726
650
537
939
863
853
877
108
164
297
557
372
150
849
496
226
500
734
760
876
308
634
241
725
162
800
125
506
294
369
116
787
986
558
733
872
16
173
100
811
776
985
207
500
981
443
77
865
339
662
414
716
36
802
132
208
151
725
4
610
335
539
844
224
774
272
156
705
164
89
41
248
710
400
531
548
232
957
595
904
493
148
350
693
987
573
737
681
89
344
219
516
211
274
912
710
946
446
845
442
817
166
687
458
81
617
560
427
469
438
2
240
223
215
165
440
913
96
21
461
576
205
592
206
440
734
598
433
216
848
979
953
598
236
440
91
753
90
442
14
83
258
510
383
73
471
570
942
27
368
959
740
162
779
663
54
687
291
241
133
664
365
154
163
616
486
554
320
227
765
868
358
632
105
275
541
698
33
130
221
107
35
874
427
215
671
18
824
248
342
912
590
720
591
787
371
279
470
783
353
302
958
920
979
968
686
237
726
503
363
754
881
549
457
72
142
63
752
105
257
781
204
193
445
593
849
192
372
786
287
830
430
452
120
330
106
86
341
328
187
979
673
171
601
344
670
725
407
855
423
919
375
825
170
935
724
930
26
547
571
21
861
819
372
21
626
500
211
970
337
389
754
944
823
654
919
240
476
178
626
523
699
64
740
920
502
86
554
782
170
762
156
202
648
694
769
313
202
603
843
503
542
815
470
86
895
713
560
31
631
97
49
443
709
171
123
884
229
691
682
582
283
578
242
10
478
212
262
963
721
367
721
873
695
534
491
884
209
770
173
383
721
770
478
279
625
15
482
294
914
199
546
548
364
632
888
948
73
658
108
265
292
494
212
502
571
86
396
599
395
598
959
434
936
715
381
542
911
293
929
412
576
719
916
55
409
377
197
847
668
131
34
707
398
451
953
421
795
213
605
126
530
506
641
344
407
682
47
437
517
417
592
874
313
93
931
827
81
486
530
295
499
158
594
51
743
216
564
982
9
839
833
465
429
616
221
854
357
726
198
795
659
780
380
11
289
721
139
942
806
827
238
647
717
504
921
609
7
281
85
609
487
674
989
938
825
320
804
786
741
604
69
143
481
117
705
521
608
176
263
344
428
710
123
137
873
74
671
351
791
282
393
256
820
439
100
769
151
257
653
726
803
853
711
215
926
807
995
809
640
666
82
913
380
293
919
116
599
543
193
581
334
384
342
341
753
396
530
26
838
344
206
855
568
415
554
32
401
262
748
476
749
768
289
299
577
831
337
742
446
999
835
24
382
330
839
109
147
99
29
570
934
539
181
101
956
674
793
288
883
868
880
103
870
934
199
663
494
255
325
243
910
976
127
437
80
372
470
926
320
50
819
3
764
52
133
562
413
671
846
439
394
781
53
140
317
831
472
308
673
285
241
921
386
930
961
691
581
618
930
186
344
206
333
864
637
52
330
934
115
980
441
441
176
30
856
149
691
331
762
849
840
617
485
349
710
496
52
10
423
849
635
53
649
408
771
272
409
717
349
855
933
846
121
678
442
717
164
39
791
479
384
602
131
332
803
630
221
194
752
338
909
415
744
990
824
763
870
148
206
410
810
802
808
285
523
385
701
321
61
998
299
955
824
804
619
235
835
904
827
760
635
196
144
169
410
321
212
715
948
680
432
553
374
943
771
332
962
898
149
938
194
101
461
573
403
446
813
258
821
720
447
757
787
872
960
448
391
927
950
670
860
929
867
994
160
615
587
20
36
85
898
561
837
783
937
772
933
568
964
386
285
148
164
487
379
294
823
190
342
659
869
293
38
535
288
688
967
148
376
228
105
88
422
622
59
844
378
788
86
48
127
420
448
681
645
608
185
108
561
985
6
205
334
356
170
296
564
957
831
331
490
936
889
285
414
232
149
399
887
349
664
863
976
84
290
233
241
434
457
262
313
670
972
375
773
976
654
259
516
561
775
3
469
855
450
145
683
571
642
681
524
813
600
191
673
432
252
275
699
855
95
796
893
751
998
536
380
501
582
254
953
389
136
792
458
34
238
4
855
614
425
297
429
255
472
300
742
937
650
65
826
489
457
20
981
40
292
295
842
850
516
267
282
792
570
724
566
141
626
314
822
207
37
202
800
397
414
806
203
639
440
164
71
195
708
627
239
447
906
779
398
640
313
534
568
37
845
233
871
776
353
940
574
373
945
868
967
868
75
209
777
299
63
148
459
618
831
544
38
444
15
910
153
582
684
256
478
914
682
403
989
75
601
773
493
895
508
831
398
405
458
506
975
503
659
230
314
187
226
481
797
992
607
149
483
371
194
363
301
813
737
669
250
937
688
676
541
288
866
28
244
271
378
790
598
785
400
976
711
215
107
838
100
836
27
346
613
988
110
840
995
133
23
377
676
151
719
469
121
985
758
849
107
427
511
227
869
481
373
415
272
709
217
592
865
879
615
445
969
420
827
497
497
595
786
109
254
897
68
446
649
668
429
155
477
195
797
239
428
400
23
141
46
592
348
734
480
589
819
42
736
651
182
310
561
108
677
249
732
100
177
59
444
356
117
671
107
417
472
379
69
487
30
343
853
169
728
133
206
821
229
369
812
410
788
524
194
569
186
539
766
953
92
62
792
973
77
612
146
913
945
3
240
283
114
330
614
97
247
774
320
772
51
717
730
715
310
582
795
392
535
694
32
476
260
228
134
876
288
838
256
6
848
142
891
744
141
8
760
490
262
267
370
191
421
547
835
920
311
77
780
319
194
202
679
268
861
760
154
673
629
740
975
66
248
60
640
163
780
184
829
217
261
118
669
237
73
826
733
565
624
267
153
788
806
548
954
807
439
732
404
823
816
620
284
455
486
435
32
274
718
79
953
781
75
811
923
97
111
534
947
705
425
650
391
812
911
682
224
705
889
195
63
762
536
996
398
262
788
671
160
829
215
440
583
705
153
719
47
672
629
377
238
592
493
19
524
740
145
145
770
658
339
494
600
352
357
287
953
35
606
755
812
461
324
545
104
882
756
933
743
201
609
106
590
734
375
184
429
130
707
519
615
142
445
648
654
211
466
581
885
267
825
425
970
132
239
620
548
834
397
982
894
432
98
363
825
787
626
908
718
594
465
862
578
738
617
361
424
844
722
989
614
610
425
983
715
514
581
603
7
408
737
368
398
833
183
415
190
775
821
924
365
711
843
811
15
216
751
760
317
91
714
582
830
892
371
545
958
12
404
786
306
192
401
918
911
885
345
645
50
468
654
254
50
105
112
484
392
140
930
817
646
471
264
234
614
249
113
436
463
606
871
605
422
626
226
398
551
869
77
191
470
336
87
455
5
442
636
28
859
685
7
270
337
309
611
300
383
315
231
617
374
772
497
533
600
864
728
869
772
587
419
135
99
224
792
207
293
495
679
200
347
954
494
317
47
161
564
478
64
371
899
456
316
290
904
107
136
730
888
118
760
695
603
662
746
901
674
720
305
825
487
5
766
104
567
98
873
361
878
455
567
308
93
71
512
317
127
250
793
142
8
549
436
660
278
529
940
270
951
533
247
572
514
657
106
383
517
865
5
710
777
229
154
548
63
99
955
805
121
589
447
424
40
5
534
147
514
304
639
863
290
906
562
157
192
706
785
954
734
189
474
891
202
752
811
508
453
171
875
708
187
789
615
333
412
970
285
696
808
481
652
472
109
682
88
460
888
993
695
795
544
684
587
896
410
101
768
296
503
439
183
208
355
973
173
424
561
358
825
745
88
72
234
177
574
33
655
627
270
16
641
621
141
505
65
734
754
732
251
227
670
116
267
488
752
446
77
210
852
16
544
515
474
891
623
140
384
836
309
915
386
975
186
932
986
454
577
747
272
677
99
707
724
607
801
303
668
821
869
148
377
107
914
764
227
996
723
581
712
472
493
389
384
696
608
604
263
578
654
269
809
841
368
145
340
637
776
446
53
178
925
130
480
412
49
870
445
870
117
168
975
36
516
826
996
903
447
353
731
773
844
333
507
759
601
973
102
445
974
742
919
467
387
313
564
174
715
240
739
956
804
345
432
348
749
754
955
200
652
700
474
327
385
489
475
403
497
713
378
823
627
756
888
128
832
274
93
725
693
653
123
167
579
521
612
203
882
358
193
771
561
619
134
189
609
424
886
572
518
248
96
955
17
720
952
39
836
520
142
741
486
205
194
391
33
869
266
632
656
625
519
481
991
852
641
269
918
950
356
457
817
934
976
204
131
889
743
933
582
993
993
539
893
998
451
473
244
304
853
991
68
720
392
124
668
390
120
756
577
300
816
489
717
103
529
249
554
547
698
335
297
884
338
575
239
790
731
793
597
671
309
559
496
3
876
756
604
835
389
359
449
672
284
531
341
126
479
405
677
394
471
558
240
83
492
209
118
665
728
905
695
191
139
378
275
948
1000
717
618
354
194
816
636
618
885
280
264
193
762
822
318
90
573
306
612
524
828
213
291
615
248
403
178
58
638
427
908
240
886
742
66
310
785
999
808
643
80
549
194
552
106
351
323
582
269
446
792
778
963
277
604
203
810
168
26
585
335
433
509
123
445
583
976
433
472
694
844
361
302
727
285
502
384
682
722
519
571
504
801
82
577
60
433
642
235
746
870
337
333
208
226
778
584
78
975
831
967
291
480
928
942
536
603
120
644
6
130
182
516
586
901
15
666
364
22
312
749
888
392
780
702
433
953
804
292
775
994
197
900
759
808
429
420
19
533
257
824
692
937
713
436
867
231
277
982
937
715
643
196
523
55
365
139
975
273
263
856
58
172
971
125
721
526
18
988
444
121
646
97
796
708
167
431
887
641
793
30
758
453
188
572
552
783
372
754
841
607
699
758
817
826
527
941
442
743
279
393
164
719
787
482
519
547
871
415
400
237
242
472
112
403
642
304
164
263
746
846
609
787
168
473
34
529
927
326
631
164
239
439
346
377
176
737
671
669
185
710
934
186
884
187
910
283
628
616
862
49
863
390
647
191
380
407
969
648
419
712
969
746
613
776
401
963
74
592
280
914
162
638
547
859
417
941
341
99
857
79
620
761
917
435
190
311
490
989
73
131
49
125
817
786
207
579
140
275
400
392
523
827
423
601
136
807
889
499
676
820
418
969
539
330
114
187
673
664
896
513
343
91
917
692
107
31
402
236
432
734
178
310
19
928
512
449
769
672
498
740
986
5
958
730
766
854
15
110
611
855
553
435
834
968
856
704
280
960
482
648
237
560
841
600
271
183
510
53
902
865
778
302
417
379
296
672
112
7
839
62
136
327
663
644
918
12
619
484
877
219
527
300
698
928
746
131
766
22
744
42
377
606
605
729
545
794
197
210
178
509
19
279
456
248
325
950
353
256
903
575
388
418
411
453
910
261
408
87
539
448
372
738
888
85
164
194
930
738
491
330
523
710
941
923
226
570
37
175
740
7
329
728
463
51
840
873
473
164
878
119
816
160
880
366
939
224
363
128
4
910
327
54
822
835
646
691
601
267
879
46
172
423
835
146
297
821
943
726
706
502
415
413
114
31
500
301
296
614
837
442
187
505
74
599
777
983
485
687
852
120
446
637
665
138
979
814
770
563
750
733
403
328
2
358
82
370
912
983
504
124
841
530
477
774
573
207
378
187
70
567
883
399
606
659
243
294
407
422
441
723
237
210
41
614
294
71
745
511
558
438
596
109
855
685
252
182
779
127
514
683
168
842
893
968
128
871
107
373
864
725
315
568
538
502
366
32
271
869
53
69
273
806
487
271
84
16
87
351
242
695
782
328
285
453
239
140
399
580
757
528
488
356
678
689
545
14
144
325
985
530
56
668
76
161
656
43
760
568
363
819
209
98
335
578
84
314
65
314
242
350
925
390
817
938
357
547
676
846
965
327
7
276
942
247
57
901
549
483
540
518
615
46
68
267
366
750
171
861
745
52
116
115
813
231
959
886
934
669
588
288
730
63
128
398
610
902
401
610
816
936
248
437
776
325
418
886
470
983
771
242
6
893
156
236
386
607
577
216
672
885
298
494
384
957
67
536
878
448
938
843
969
112
714
477
815
249
238
398
469
935
280
251
622
391
988
21
492
87
579
544
512
188
238
716
449
314
320
401
641
713
973
883
782
699
957
358
203
313
308
12
705
992
901
86
995
237
770
219
352
654
636
21
29
295
396
960
232
9
385
331
67
29
463
1
238
290
357
126
707
400
262
165
321
255
703
314
509
861
284
406
926
248
16
279
828
193
543
174
736
673
596
614
528
569
834
857
532
813
358
561
775
472
515
571
897
15
171
884
802
714
630
80
127
728
926
16
748
128
663
887
108
365
826
908
895
125
68
698
790
821
19
408
58
388
696
16
724
922
689
672
607
145
879
881
610
511
434
332
453
743
292
93
331
887
983
707
708
230
177
224
757
16
626
47
123
54
437
856
937
463
879
88
181
343
501
11
332
703
378
534
936
242
794
348
177
130
979
176
888
283
989
883
42
762
523
136
801
628
968
843
340
336
970
963
611
720
857
150
936
396
360
334
896
18
693
196
42
692
846
431
677
350
169
21
966
485
55
93
380
688
738
842
949
147
292
249
877
488
140
424
876
11
14
674
686
207
930
2
25
456
775
614
471
354
157
442
660
595
541
967
64
77
320
861
416
168
705
841
408
949
373
621
805
101
10
613
361
666
742
234
145
115
271
650
523
54
931
568
873
600
57
760
581
311
971
242
113
194
139
199
425
352
191
415
530
837
420
496
944
173
942
342
802
471
151
310
739
785
851
747
401
214
40
729
594
452
519
148
721
140
839
944
416
898
143
99
905
654
505
610
118
399
183
630
177
574
131
451
917
457
453
549
406
565
150
75
752
25
270
148
611
476
105
962
444
331
486
426
491
761
880
486
715
161
953
880
662
12
601
565
664
257
156
817
504
456
892
37
866
977
211
475
335
813
432
411
98
478
637
546
393
62
630
386
321
505
232
27
221
561
278
505
951
261
495
802
875
276
850
479
490
556
934
17
859
592
87
835
982
197
48
884
626
914
292
458
375
693
521
411
589
764
979
166
228
85
291
710
319
803
212
245
818
46
992
251
858
364
957
44
458
71
812
377
16
591
583
176
799
422
909
529
896
957
803
720
23
986
471
310
787
438
296
484
633
194
647
751
724
336
690
195
814
307
40
961
34
588
59
799
123
664
936
727
328
645
875
899
235
494
686
976
985
637
947
169
236
948
700
151
50
555
897
332
916
463
890
448
172
266
960
575
764
731
142
189
661
500
101
45
605
751
428
678
911
383
706
860
708
797
328
802
69
29
739
13
605
158
35
275
388
555
254
454
27
47
441
477
67
759
28
222
841
806
155
948
394
28
868
442
668
506
99
674
731
621
178
348
111
162
319
282
377
797
263
549
805
748
235
616
420
881
423
558
341
605
221
114
288
322
136
276
585
999
818
437
634
391
288
581
137
925
877
809
177
662
455
78
504
47
347
168
993
61
707
194
997
192
552
524
605
402
375
667
932
25
629
772
554
687
549
97
591
531
356
669
148
460
795
276
76
802
507
104
84
889
259
748
810
302
527
460
430
784
681
412
752
512
126
214
87
924
601
254
14
311
444
209
757
460
406
239
332
996
976
611
865
714
860
913
696
576
300
323
585
549
385
405
275
590
827
914
396
427
836
633
663
125
3
887
174
683
999
622
918
725
114
950
886
456
357
849
727
429
114
773
204
380
546
588
190
964
431
446
296
514
326
155
510
944
449
350
146
117
490
380
518
75
177
597
344
413
313
679
26
753
883
277
721
175
101
869
696
564
815
771
15
573
150
129
21
695
382
637
396
730
396
841
661
732
326
823
172
979
833
716
80
441
919
520
28
998
281
750
450
367
27
418
862
17
557
531
956
224
670
646
277
290
959
184
34
409
873
900
18
133
146
870
664
546
896
430
231
591
340
176
116
190
446
801
359
917
289
826
342
486
687
779
481
369
265
153
557
701
568
820
536
460
1
101
54
25
408
356
689
757
20
139
331
216
557
425
24
13
396
230
215
423
208
17
35
4
294
108
374
2
630
204
185
114
436
111
933
351
50
776
772
469
991
294
307
589
999
863
911
791
222
831
158
669
625
799
264
783
266
883
781
723
227
622
996
649
520
548
657
614
909
99
221
455
435
251
738
335
811
6
362
244
41
2
715
987
184
336
205
660
144
253
946
870
330
925
293
946
787
526
364
800
951
800
670
224
788
675
752
553
489
114
742
401
795
511
8
614
684
404
129
159
938
210
41
19
644
958
387
746
710
98
590
302
302
995
45
843
898
833
668
219
249
648
668
421
176
610
102
325
370
134
967
853
767
356
569
586
494
824
417
842
953
295
55
505
617
607
932
466
252
460
200
574
116
940
527
360
230
927
772
111
528
28
406
245
508
205
814
815
454
802
195
389
877
429
729
723
505
124
417
801
23
782
458
954
893
807
173
819
195
312
680
447
329
993
971
386
902
876
542
950
843
876
651
223
300
248
591
1
294
425
375
885
262
480
926
762
179
865
439
381
696
874
621
249
74
599
111
701
646
678
913
40
922
39
920
581
44
235
159
958
845
352
792
536
571
120
40
749
75
744
471
526
639
733
453
764
665
606
391
523
388
887
624
248
146
483
325
425
93
207
198
215
272
491
275
202
930
875
990
737
974
795
125
307
136
910
550
468
781
746
545
279
129
167
815
938
971
489
744
118
466
85
531
537
929
118
841
585
542
442
40
284
692
115
216
283
702
192
163
86
224
762
191
470
592
547
677
17
400
239
125
171
757
147
415
178
987
976
461
813
867
349
890
395
351
183
55
61
323
781
420
291
770
827
315
278
465
741
212
980
382
506
537
536
441
538
9
759
118
414
757
977
627
988
818
794
703
179
521
32
812
358
774
740
972
104
843
153
360
275
657
158
680
54
595
399
584
248
357
813
232
337
517
67
919
818
220
45
510
61
655
317
61
378
536
590
485
204
474
783
387
422
200
954
966
512
205
243
474
299
883
1000
595
878
484
513
401
583
225
290
632
95
209
286
124
940
690
798
911
665
440
939
330
68
591
623
158
536
375
286
790
802
606
42
643
648
350
343
133
602
813
495
109
968
825
167
149
374
279
152
678
714
110
418
533
234
44
513
333
665
825
612
9
13
371
970
970
342
72
486
733
207
872
330
727
186
416
959
687
557
942
643
949
641
619
2
894
868
116
942
939
992
457
755
894
995
730
760
808
599
360
6
313
969
57
692
560
550
896
575
132
708
604
585
931
916
925
857
627
354
465
430
709
252
684
716
75
790
578
138
306
384
810
931
810
914
950
526
932
74
904
900
945
966
922
637
182
300
467
670
663
197
764
334
618
524
467
215
186
57
168
166
462
888
736
312
502
874
766
533
234
641
827
256
392
243
256
69
794
844
55
274
322
837
900
821
60
610
331
276
349
37
503
360
183
633
534
542
732
405
602
605
151
823
682
97
814
177
654
988
362
517
851
560
705
713
343
912
745
848
405
348
755
878
925
57
176
482
177
943
97
588
740
14
735
780
870
325
442
113
317
108
568
558
412
469
686
315
945
688
284
521
366
155
162
831
889
780
778
349
244
729
200
799
477
255
533
270
983
400
301
336
70
788
981
804
101
762
823
232
266
664
514
714
954
351
369
386
505
49
343
852
925
273
177
687
326
837
106
159
198
514
13
542
833
491
612
915
32
330
588
964
750
127
212
579
44
908
111
67
635
687
761
766
793
46
884
339
888
920
417
646
737
410
650
81
645
190
279
946
658
558
851
43
197
492
594
767
820
807
319
641
463
984
198
863
816
195
847
42
53
416
965
982
951
267
806
404
704
660
599
753
457
773
343
522
190
1000
718
726
783
598
638
696
905
442
478
226
349
531
187
196
211
974
884
882
202
968
420
589
718
313
913
967
39
424
420
952
455
573
260
188
815
253
807
497
367
181
85
789
522
15
675
951
105
647
859
317
713
356
249
922
861
43
976
324
166
658
232
343
259
945
721
438
498
671
434
550
635
95
470
216
58
470
453
743
119
345
457
442
438
415
482
52
305
902
165
492
967
530
663
580
70
889
825
935
843
697
182
710
82
817
754
280
163
341
371
695
960
114
152
812
335
986
216
550
613
626
366
27
742
332
748
373
680
653
21
688
715
552
862
730
694
329
163
218
571
880
471
581
438
657
61
599
681
910
819
146
467
94
584
472
197
180
387
889
126
827
218
129
158
824
766
682
962
551
190
982
571
958
710
532
806
133
926
558
988
699
573
977
437
849
36
239
349
997
738
204
744
648
370
538
317
205
657
191
848
300
262
702
775
640
787
224
141
882
343
664
429
988
738
860
15
679
902
22
248
734
482
869
404
334
214
772
958
915
958
383
97
560
435
814
797
305
883
117
808
169
62
552
782
657
685
397
923
104
859
23
907
135
185
100
945
831
593
517
297
228
608
789
162
526
595
113
550
257
319
653
976
355
906
463
50
441
637
394
132
347
361
576
698
728
528
37
820
19
853
454
523
897
129
881
77
108
806
683
765
708
729
421
592
292
397
708
454
884
828
247
294
135
487
523
223
534
294
703
324
300
607
493
486
442
402
717
850
36
72
464
607
370
313
674
335
735
162
510
517
652
339
45
976
450
910
108
435
454
128
42
715
515
766
786
704
177
943
53
879
1
683
72
62
988
794
196
204
440
220
792
954
887
103
708
690
102
242
51
183
821
438
656
639
421
667
234
22
727
440
932
332
35
645
592
434
647
937
761
321
783
903
753
435
72
510
326
29
773
766
142
596
542
867
883
777
802
937
340
620
804
403
917
39
997
948
507
468
82
512
430
85
259
268
883
571
325
426
169
871
454
34
191
270
97
702
647
550
191
470
911
730
64
408
311
254
451
805
88
442
982
609
793
807
868
467
755
590
779
131
33
545
456
721
721
415
869
25
98
744
821
388
541
666
215
380
986
418
720
909
206
870
637
783
779
172
612
939
78
3
205
646
960
455
8
146
694
511
410
847
454
27
18
496
972
906
982
666
833
999
723
19
101
499
397
57
125
581
291
305
641
94
157
207
445
369
786
145
985
311
760
818
739
112
725
7
155
11
211
259
494
514
934
167
617
53
881
143
518
708
215
778
725
703
216
9
376
737
921
352
40
819
998
418
845
542
23
857
27
42
868
314
377
117
149
479
470
255
357
762
619
667
258
25
509
79
356
897
321
157
447
243
370
579
373
580
727
250
122
147
413
922
820
713
479
862
476
24
968
812
417
392
914
512
264
217
497
663
689
303
87
356
335
409
345
636
376
628
499
752
304
305
452
947
474
241
277
715
105
370
22
811
237
707
621
6
490
358
172
603
710
984
568
527
209
355
712
204
966
359
221
612
519
585
83
397
547
993
542
200
408
764
770
376
519
304
24
159
460
221
125
541
335
893
316
24
186
548
783
710
832
212
315
969
16
338
884
28
856
710
443
349
887
311
192
576
289
198
498
462
921
958
305
80
398
956
296
267
889
837
691
996
196
938
774
134
484
348
133
876
527
631
992
846
689
22
899
168
350
420
123
113
272
137
609
962
405
431
486
608
774
437
545
823
121
998
866
959
889
53
933
1000
931
669
775
643
792
403
990
967
148
207
128
878
865
593
785
986
138
587
428
67
510
308
694
274
893
705
106
936
492
830
47
260
698
486
390
738
572
676
518
533
684
849
441
132
472
434
509
569
688
927
263
241
865
776
213
566
325
628
876
833
57
6
477
643
669
43
929
947
196
617
291
53
960
469
373
834
697
155
507
759
221
204
442
411
324
665
28
650
856
80
477
529
958
134
212
476
261
700
917
560
861
459
474
121
139
918
976
728
984
678
957
31
132
86
245
435
64
542
997
950
251
186
423
498
267
182
839
569
298
816
72
752
680
603
599
492
932
835
179
820
459
773
640
534
252
268
94
993
382
378
69
122
338
72
411
347
994
181
927
754
105
796
461
736
569
933
85
322
924
699
14
169
44
599
171
309
307
181
632
940
19
104
417
603
280
305
576
212
594
381
916
613
950
272
104
615
260
295
186
354
679
558
834
784
997
256
293
77
68
50
37
141
890
245
703
187
441
250
931
793
239
262
784
555
3
387
465
188
868
275
202
592
289
580
671
256
248
775
923
291
7
130
367
118
624
435
296
785
862
183
346
557
810
825
196
829
520
951
352
962
354
184
317
285
208
620
125
465
99
799
121
942
504
894
476
711
996
908
867
897
675
816
605
449
406
514
77
245
986
285
262
634
176
295
477
189
368
783
116
903
542
394
228
978
730
576
916
653
837
859
553
364
675
313
746
920
509
607
576
611
493
479
458
29
163
797
668
340
938
359
145
626
940
652
718
840
321
479
375
229
208
544
561
595
631
305
741
411
943
707
287
554
782
128
809
689
419
854
78
283
734
446
873
803
110
630
464
68
513
339
852
459
634
313
825
81
404
625
723
140
679
890
744
908
125
340
125
667
295
390
433
329
505
866
75
335
567
796
939
372
485
764
615
407
422
459
306
100
423
591
66
635
810
360
959
190
171
692
494
421
581
658
45
965
764
337
84
435
234
779
124
604
887
363
918
35
743
659
827
657
171
90
40
827
990
461
169
400
732
61
652
994
29
470
949
595
981
516
523
555
26
28
879
427
47
264
658
438
368
669
483
52
627
870
534
68
822
877
540
126
765
473
7
104
236
529
959
753
859
128
723
366
281
964
789
264
71
280
373
155
608
161
881
141
60
817
94
487
456
505
819
834
811
404
607
526
721
732
45
58
430
329
16
984
165
583
99
320
137
289
870
545
820
829
591
223
683
575
808
124
635
333
83
192
74
511
832
172
257
299
632
540
345
435
804
982
759
70
551
958
188
426
698
994
977
391
43
213
334
644
867
798
514
373
663
65
13
96
988
1000
151
389
452
338
947
75
754
27
128
973
569
685
690
539
615
931
266
79
705
91
551
719
643
826
92
397
672
112
320
283
144
743
932
291
55
126
17
638
877
530
441
239
768
286
75
110
508
22
796
118
924
916
168
229
714
509
97
27
617
260
713
180
58
411
602
778
380
510
720
484
312
374
575
719
866
104
907
136
633
103
732
630
717
603
940
773
447
316
705
521
519
263
855
881
938
661
153
35
13
315
980
598
892
463
151
664
850
478
516
434
129
831
624
618
762
161
598
986
423
846
49
263
778
911
712
813
736
53
124
191
128
99
340
228
102
443
294
432
256
809
655
257
627
215
413
670
540
847
484
233
249
751
396
224
480
446
489
649
619
861
129
106
862
906
678
97
70
349
5
687
688
840
548
958
515
713
211
204
789
421
762
164
529
286
544
597
870
84
372
298
270
675
675
831
814
340
756
353
624
410
961
154
254
808
121
291
490
856
682
61
150
931
44
167
598
243
518
781
569
680
432
885
591
595
426
993
621
593
576
657
122
856
39
456
617
906
351
287
462
232
686
452
928
188
293
943
566
188
354
126
390
47
779
2
735
79
57
599
669
396
440
4
584
661
613
194
421
940
3
666
899
306
915
831
454
182
913
348
311
296
114
604
305
37
363
479
1
872
966
852
657
35
694
28
363
752
553
687
794
798
570
828
361
53
216
832
309
454
839
411
952
498
904
33
358
947
954
584
22
443
137
950
710
371
5
203
1
415
191
981
727
918
692
748
551
558
468
948
874
764
488
253
153
389
229
758
587
621
282
817
240
219
957
529
399
637
535
49
638
435
165
974
42
540
932
720
595
90
163
721
240
370
161
300
517
155
285
19
808
640
514
472
38
312
61
139
718
88
832
843
780
545
44
71
966
746
702
253
164
855
652
261
707
85
106
153
966
777
334
423
372
378
75
652
733
610
172
497
142
367
502
865
524
577
498
667
977
473
84
752
559
625
280
190
424
729
395
679
65
898
950
430
350
623
494
347
704
223
951
111
657
866
806
643
424
562
232
775
934
415
340
233
1
7
513
952
280
269
315
211
793
556
630
592
269
894
258
701
381
636
885
722
758
646
353
518
249
492
493
843
893
231
433
262
631
562
144
456
396
454
130
835
732
615
98
533
938
40
444
150
873
884
403
313
795
780
365
957
525
861
905
814
818
493
663
889
87
91
112
868
43
436
525
133
455
446
23
762
752
529
124
276
916
764
380
917
107
988
980
759
355
116
182
447
335
574
23
134
627
572
783
38
444
154
61
678
166
249
396
679
439
642
678
977
778
805
840
887
348
158
753
908
631
128
870
852
290
816
911
343
497
760
88
227
631
212
714
293
911
312
176
996
919
798
567
323
199
59
34
237
352
555
609
521
31
925
386
893
450
122
864
227
764
271
975
799
185
605
228
743
772
68
473
168
796
17
637
256
203
203
50
876
50
462
241
231
723
163
271
481
381
907
396
137
23
508
888
79
662
811
63
766
717
380
146
499
845
382
845
775
351
684
768
247
668
407
612
294
780
308
737
722
884
381
957
646
799
84
600
92
243
709
747
629
778
966
766
542
281
872
685
844
982
166
592
76
12
614
644
985
200
314
408
350
143
535
218
212
515
796
224
119
43
595
505
112
355
763
254
390
762
215
894
975
614
314
142
412
331
902
700
554
441
661
484
758
330
609
511
202
14
573
302
362
148
651
611
463
230
886
410
257
551
743
493
715
876
435
376
78
956
750
308
222
419
700
203
486
963
848
3
202
448
951
584
243
760
25
176
960
48
291
595
806
953
444
988
823
956
525
263
346
309
634
276
332
478
240
319
323
875
179
544
796
12
899
505
979
178
916
509
627
208
363
532
766
484
866
131
930
677
31
402
387
589
899
922
692
711
120
995
632
800
935
714
962
429
766
727
16
451
978
689
356
800
705
665
211
857
303
676
409
797
510
455
559
55
345
193
221
296
874
19
195
847
277
307
640
488
12
564
941
415
546
891
670
445
358
492
791
378
183
4
139
234
208
61
665
255
927
497
642
351
77
847
438
465
25
898
218
942
193
710
627
299
346
509
30
245
130
88
64
440
676
497
790
28
874
157
755
879
301
358
680
560
416
395
590
102
649
56
984
282
262
734
675
723
303
723
729
681
938
293
779
76
136
101
138
78
653
419
975
590
720
65
368
749
32
525
353
107
57
806
57
40
5
751
94
282
106
535
948
947
398
527
238
494
687
732
622
675
558
244
631
887
164
648
614
478
220
289
522
872
475
84
337
905
783
405
248
916
363
980
174
963
861
860
427
10
85
790
750
665
325
798
585
563
147
20
480
385
516
134
706
993
838
558
124
543
242
656
974
733
899
940
174
519
495
797
232
932
777
657
819
590
138
429
317
863
127
823
834
697
504
134
418
7
909
900
150
305
286
452
770
205
134
569
595
219
805
402
243
93
795
401
527
565
769
648
864
352
561
179
179
753
840
68
148
422
562
192
975
289
657
407
223
747
252
61
699
456
599
621
322
283
466
365
546
781
366
128
485
620
153
746
799
475
330
270
644
398
835
395
727
838
195
173
978
943
998
560
317
499
239
233
767
398
814
571
481
804
496
234
349
31
534
514
742
129
334
425
856
180
963
345
691
916
772
483
511
814
680
483
646
999
577
93
291
248
511
983
168
348
837
803
642
797
727
45
343
219
420
526
59
691
669
421
727
485
195
667
185
491
116
124
267
540
940
771
959
584
353
843
605
671
476
618
263
542
944
485
726
571
674
235
544
743
42
699
772
472
759
635
248
417
991
139
814
876
46
982
257
176
605
800
256
205
278
459
884
791
822
547
467
247
199
917
495
904
117
79
535
703
91
152
850
722
159
189
983
753
167
655
20
266
815
601
867
592
269
236
76
128
266
335
627
618
221
624
927
652
560
873
34
75
846
356
625
205
619
900
623
129
269
470
993
451
961
568
189
649
570
240
291
991
309
708
155
319
689
131
398
399
911
85
785
322
867
710
859
193
694
877
950
612
109
240
851
508
223
377
484
672
172
704
231
912
173
441
907
175
990
625
954
142
440
233
667
643
275
920
465
375
134
720
597
229
499
898
849
337
856
116
248
691
678
941
520
518
616
56
563
526
395
882
804
528
580
843
801
227
759
526
546
719
22
246
273
377
264
12
572
139
471
866
256
376
941
177
821
434
872
516
141
10
324
621
171
969
111
388
374
591
451
859
775
560
557
174
281
21
321
796
505
966
196
675
953
460
602
992
632
351
444
373
216
43
157
812
759
857
379
160
604
247
966
139
281
983
92
751
517
157
776
853
361
411
928
806
995
635
796
99
727
912
646
557
454
940
19
856
88
696
778
33
164
542
462
733
343
999
265
273
398
732
675
95
894
316
126
489
516
235
896
675
73
306
311
949
24
28
17
477
803
319
56
230
203
933
806
19
859
272
285
48
370
824
786
212
265
308
147
577
74
915
345
204
62
204
144
272
90
877
417
870
66
790
874
16
278
99
556
325
61
670
613
729
413
435
328
462
613
477
735
171
758
162
88
400
950
114
353
143
937
166
286
421
903
389
227
77
51
650
658
740
87
123
958
772
61
70
954
496
516
952
746
650
815
220
267
650
461
577
2
177
973
358
937
565
373
759
374
575
267
679
856
809
115
604
692
548
774
916
603
942
752
390
382
166
636
146
397
292
322
282
181
908
612
879
122
361
305
659
983
63
394
586
705
884
872
571
66
352
158
416
642
555
48
497
892
375
991
282
634
26
579
965
120
970
574
156
355
470
647
426
571
449
519
641
581
115
441
713
163
498
345
154
749
775
823
241
423
954
909
909
150
768
420
332
835
605
761
455
81
449
687
920
342
526
930
470
403
504
248
602
880
179
450
775
169
867
154
618
532
982
492
838
134
546
67
720
630
121
989
885
748
636
971
491
816
455
173
554
266
423
283
233
50
138
721
118
660
393
452
359
285
163
331
429
799
558
607
308
658
267
517
30
321
790
614
591
64
356
877
862
464
193
775
467
66
328
308
742
469
50
975
986
908
951
583
654
865
697
491
856
514
969
37
475
647
515
944
333
990
52
730
734
894
586
741
396
692
204
694
18
447
665
341
925
714
200
219
189
174
548
126
109
750
292
419
360
740
794
453
304
462
928
481
675
582
547
658
432
323
504
268
184
668
787
908
876
52
350
93
739
436
887
544
337
184
541
844
32
627
887
989
704
971
375
323
247
29
211
380
598
895
551
583
715
623
221
874
426
755
955
37
883
978
322
701
605
636
648
119
170
151
67
198
880
902
827
781
63
974
955
136
421
321
181
732
660
921
109
448
733
29
648
528
773
616
885
211
597
243
222
35
636
966
234
201
996
672
551
236
706
90
856
578
610
784
719
903
423
254
76
215
836
165
869
647
293
717
40
538
284
644
254
846
896
687
445
319
674
357
360
303
896
428
269
78
708
45
302
167
586
878
703
473
710
638
393
192
592
267
940
879
525
800
197
483
822
128
94
908
77
378
136
649
557
442
662
880
839
90
74
6
704
737
575
924
240
734
594
713
286
378
903
11
987
307
120
211
878
608
384
641
307
331
434
734
137
802
610
194
633
316
709
877
343
171
380
414
498
973
629
535
885
221
577
789
203
601
878
1000
480
665
61
534
570
568
691
727
430
797
211
747
192
93
830
482
423
959
714
761
601
706
520
413
892
522
888
592
565
628
635
715
846
430
340
2
996
224
407
289
228
879
429
879
363
144
883
95
165
48
133
263
301
158
141
700
306
615
253
61
573
861
850
195
120
92
590
826
175
437
888
91
519
338
654
611
666
740
263
873
155
227
318
598
678
318
397
289
179
262
321
354
288
401
235
828
827
218
824
398
228
170
350
514
988
496
975
686
267
469
986
381
428
197
335
641
628
216
718
314
526
393
403
31
342
56
116
416
677
986
357
89
543
706
931
418
202
970
130
309
151
224
701
62
326
638
881
254
239
890
785
321
634
634
683
541
403
499
491
172
973
740
611
984
56
97
21
97
399
516
368
959
327
654
529
833
304
817
712
930
486
432
36
509
424
910
914
506
673
960
841
725
661
843
610
859
491
42
131
870
575
167
405
516
436
682
829
533
695
538
759
623
887
693
726
919
751
486
376
938
744
39
747
432
75
87
670
225
88
35
397
715
844
624
268
659
986
817
124
822
795
536
973
40
701
642
239
58
133
101
657
840
145
735
144
723
578
540
731
231
746
969
985
606
821
860
584
497
284
28
133
442
929
455
115
550
976
379
921
183
984
423
857
415
987
665
381
429
350
819
168
538
24
1000
605
979
341
860
855
134
697
439
289
