691
241
793
369
838
54
226
717
171
539
668
946
443
980
552
298
720
218
834
263
655
475
828
354
570
579
323
35
146
932
38
869
334
511
281
78
21
334
188
243
72
293
816
142
454
109
922
774
644
73
441
293
694
265
43
75
795
189
633
519
553
856
677
749
10
881
856
352
899
883
933
254
738
643
892
176
980
512
185
738
6
823
191
996
729
369
753
914
477
452
732
208
988
173
741
842
207
715
995
251
533
79
666
620
749
13
518
104
984
10
991
341
947
286
501
762
657
223
515
358
796
568
864
709
652
89
137
33
775
780
376
881
766
972
764
571
215
623
730
897
431
756
530
443
880
492
909
760
990
769
999
415
362
821
8
606
485
428
426
279
511
701
494
28
299
169
593
197
930
699
233
59
14
978
604
161
990
995
356
333
138
526
499
299
304
323
711
210
887
932
664
87
40
96
398
409
458
515
57
523
214
177
451
537
502
99
528
574
554
304
87
952
638
606
742
536
19
348
575
114
39
491
316
351
176
845
812
948
984
191
488
206
796
523
386
663
913
664
314
552
285
604
996
944
746
13
459
920
927
741
290
747
210
302
523
518
197
102
38
66
300
649
308
331
428
46
526
53
352
134
925
133
915
472
863
477
920
140
848
735
226
676
361
348
60
244
801
297
721
935
519
532
331
34
255
120
247
74
543
154
66
126
970
850
562
795
970
930
296
103
894
644
556
616
746
327
682
294
880
333
262
335
349
571
501
310
836
361
311
456
634
165
358
684
384
955
488
878
385
733
669
45
992
858
33
542
568
60
710
297
615
278
177
108
182
468
470
761
189
263
787
66
865
865
146
417
873
827
221
875
130
440
435
421
361
711
23
529
392
651
128
511
111
582
554
624
393
29
45
394
325
1
961
887
11
814
809
367
899
499
248
733
683
850
805
323
678
941
829
594
434
35
894
544
445
498
961
624
13
401
673
137
725
495
693
113
833
134
198
55
149
214
385
393
782
60
911
144
449
31
64
357
384
905
641
766
278
644
560
967
174
644
765
127
424
684
159
156
588
750
884
95
673
707
135
884
352
164
513
902
712
500
288
555
972
153
296
388
684
179
871
106
524
256
74
883
603
402
401
365
791
979
944
526
398
361
54
136
37
467
226
905
967
971
881
674
404
335
639
346
764
559
494
786
350
849
761
220
304
627
201
292
258
500
624
497
53
704
535
43
108
930
771
273
207
643
992
781
62
65
465
483
491
513
713
235
561
478
962
519
837
12
731
275
664
654
124
393
772
114
138
478
920
357
891
901
175
363
759
979
254
140
121
680
137
665
442
271
275
592
594
491
831
419
837
722
410
559
674
707
563
695
848
881
250
164
34
339
971
269
911
502
924
636
457
833
145
575
41
627
254
903
526
141
582
866
227
854
993
598
633
677
928
165
482
884
203
182
910
559
851
726
84
602
858
482
749
30
311
35
272
622
334
503
360
496
150
345
766
165
37
192
413
652
230
590
732
284
967
810
954
811
751
269
402
158
435
436
118
473
452
304
744
750
65
299
684
41
212
678
803
660
275
209
564
916
518
97
815
845
293
856
572
172
615
397
245
36
868
241
878
651
59
387
653
438
188
831
606
232
785
719
15
144
776
578
569
460
168
954
964
981
701
915
596
492
291
523
742
331
245
729
929
911
248
450
751
686
715
838
208
224
555
476
595
346
958
738
963
368
657
866
125
606
629
263
801
847
196
914
198
51
267
318
238
121
502
828
136
144
932
188
601
774
65
916
898
584
856
498
897
695
364
439
947
829
300
843
193
127
762
197
441
760
515
527
730
823
852
2
970
892
192
581
295
490
119
123
144
465
60
599
978
620
104
756
761
554
149
188
814
721
321
134
239
112
420
14
838
297
527
399
788
321
730
293
776
428
627
605
291
927
806
250
944
326
231
481
404
159
598
908
541
428
816
231
705
495
723
600
334
268
911
600
565
911
266
708
719
772
443
706
628
448
310
651
165
428
455
109
483
536
666
439
695
487
587
827
59
269
496
927
200
140
455
944
201
493
311
7
990
308
795
517
599
236
169
885
772
335
88
992
155
578
638
651
633
496
80
777
738
148
847
684
545
329
922
354
247
873
412
157
138
937
739
781
853
251
4
948
813
719
584
476
894
261
125
120
578
156
975
386
496
433
469
918
115
648
745
535
597
214
260
779
113
115
511
911
870
667
615
599
792
302
286
259
432
112
599
765
788
846
284
984
486
362
408
25
600
321
664
124
586
954
397
275
162
365
305
992
831
680
870
470
15
482
469
529
551
448
849
632
318
819
510
973
547
81
760
962
946
58
41
15
453
165
209
36
177
958
154
336
336
320
652
850
668
131
655
320
391
412
516
180
757
627
909
179
353
896
822
166
686
380
862
580
579
859
240
331
531
469
626
429
657
384
123
251
560
209
719
930
414
662
322
795
832
5
858
539
251
514
745
312
307
738
763
703
818
372
143
298
524
935
483
328
267
149
527
287
829
605
115
827
270
921
415
947
424
109
315
700
460
658
981
354
751
977
183
524
963
662
549
848
111
43
424
451
47
259
620
114
481
376
254
171
896
115
139
671
335
996
536
737
582
368
310
753
847
392
826
734
300
325
390
649
941
602
716
68
197
158
696
536
427
935
386
653
538
522
182
961
124
611
524
326
187
76
659
989
11
206
616
742
206
974
520
685
907
108
657
599
848
167
105
465
675
91
256
216
666
951
566
900
119
283
872
603
895
352
201
488
134
633
514
455
231
947
934
68
809
290
779
376
432
585
57
266
140
928
976
868
996
530
200
603
437
241
669
571
772
910
609
681
413
147
312
906
795
278
907
19
177
492
715
411
362
584
887
110
212
304
290
8
852
589
26
659
401
43
523
331
172
167
95
91
777
955
115
509
525
106
465
977
311
965
299
888
926
372
438
761
802
125
928
228
846
991
66
420
503
367
609
875
633
855
874
540
160
8
671
1000
823
440
632
680
30
744
262
784
685
582
893
379
136
739
540
92
786
526
456
946
826
456
669
648
931
798
710
621
889
798
829
283
428
421
713
726
373
280
486
413
957
983
705
916
671
785
882
109
604
930
909
116
557
600
413
563
363
1
268
606
76
932
462
113
306
24
622
399
518
315
832
891
649
452
721
444
465
183
848
814
70
91
779
521
985
937
620
71
996
55
901
484
513
544
487
931
991
417
625
495
113
841
629
286
68
590
199
264
852
427
904
669
986
133
980
670
107
61
925
159
493
139
999
911
865
285
252
858
97
585
278
897
798
349
845
343
949
682
946
452
143
27
506
138
932
49
345
315
380
593
168
942
427
655
783
46
325
550
198
675
566
183
434
851
808
411
332
165
844
693
793
539
633
354
935
889
543
453
14
86
432
202
204
972
99
87
982
966
506
301
764
738
968
966
234
916
377
162
333
180
362
272
767
64
643
671
246
922
754
990
263
339
601
509
976
346
189
35
914
812
638
851
204
460
808
363
904
239
808
800
973
728
882
111
681
181
329
471
449
147
482
205
563
499
592
417
419
901
567
892
660
862
106
805
342
860
414
61
498
738
7
135
180
789
616
5
450
406
729
793
261
198
324
209
429
890
892
291
204
158
927
585
819
822
14
351
254
354
694
356
267
41
47
732
122
29
54
62
514
329
667
363
535
945
502
464
568
833
764
941
861
998
13
203
539
182
348
918
388
874
807
755
942
236
756
506
933
389
710
453
193
765
850
859
728
172
794
259
737
84
619
288
227
596
430
305
467
600
351
297
495
520
348
149
118
637
16
60
627
287
506
779
352
497
828
339
270
731
822
615
516
992
264
325
362
781
920
550
979
397
364
570
772
356
309
339
344
419
288
848
487
87
122
132
74
13
858
112
70
85
362
269
929
704
251
641
930
660
765
967
434
514
410
775
593
553
192
835
639
685
327
607
7
261
641
85
159
691
412
338
737
563
190
94
278
543
219
902
339
32
396
268
664
852
284
955
156
979
509
837
225
268
405
891
580
103
81
295
782
224
452
309
297
921
38
544
755
427
759
899
562
190
373
145
441
70
913
712
289
507
51
718
735
462
642
618
958
258
656
242
151
836
727
41
570
978
687
10
819
264
213
806
290
396
617
321
596
428
778
757
395
871
534
851
224
855
675
505
487
659
584
550
425
226
869
741
895
758
616
242
711
264
808
306
346
43
812
779
326
619
666
313
831
371
463
400
890
938
885
68
240
395
379
22
430
548
606
414
539
760
776
827
692
322
455
612
607
196
297
966
866
971
68
772
508
642
435
999
275
780
101
236
654
35
513
108
520
115
91
409
250
373
719
224
67
843
520
457
627
251
753
863
518
630
538
986
154
980
891
754
152
172
490
403
99
261
210
557
32
967
43
704
739
678
138
654
168
268
77
430
592
207
224
10
855
395
749
249
215
999
223
22
894
999
258
87
497
969
659
773
680
576
342
559
679
133
319
786
546
992
109
55
485
704
951
284
509
202
669
829
593
243
32
907
651
877
140
875
64
790
398
641
663
853
851
367
630
147
925
703
132
800
772
509
440
852
128
834
896
953
325
28
671
610
166
102
248
900
587
884
870
962
354
118
228
786
555
163
65
39
332
312
530
683
202
417
816
975
175
369
480
599
47
133
288
654
223
298
305
356
546
871
183
663
573
858
520
317
129
641
725
999
985
592
315
442
907
88
273
670
35
236
197
48
735
792
619
858
749
757
986
353
211
814
326
7
767
946
195
1000
640
378
410
878
285
859
437
726
597
440
850
836
237
333
282
178
185
659
472
999
923
533
759
552
914
485
32
56
441
349
555
855
275
579
514
792
837
343
795
656
756
779
69
36
188
635
361
889
17
538
931
636
988
946
713
6
484
494
593
561
559
249
495
464
445
862
304
548
646
319
361
730
193
326
963
777
150
83
247
507
894
328
436
609
182
992
803
74
580
205
783
417
551
257
698
97
645
287
942
453
608
561
598
450
972
432
177
123
790
931
724
976
628
466
997
452
268
951
629
503
148
981
44
796
175
18
637
896
829
357
893
630
749
509
659
136
939
962
957
241
622
236
884
584
711
914
974
505
325
627
748
194
987
123
864
337
495
190
550
325
804
850
699
639
683
963
674
859
698
67
925
983
460
990
824
60
521
517
427
339
48
455
117
851
556
708
799
280
98
721
672
642
230
596
73
486
799
752
8
974
933
990
224
303
704
363
678
49
989
557
304
974
952
154
733
801
88
459
920
594
428
106
270
806
968
883
553
970
875
993
482
135
530
787
395
517
212
512
590
128
445
484
718
248
789
605
144
281
38
574
263
476
98
159
997
969
114
634
509
443
958
801
685
911
99
403
59
896
14
653
715
149
167
956
114
714
535
232
627
553
590
64
917
487
49
315
896
801
262
780
957
473
9
771
961
179
65
490
283
590
547
511
99
155
939
218
668
498
446
96
674
183
748
521
736
270
152
628
13
211
402
151
790
522
747
652
310
990
267
679
650
920
161
918
233
523
336
577
552
151
352
315
343
825
911
855
803
263
384
539
156
837
747
517
612
459
80
320
958
556
288
471
157
157
996
99
218
254
283
55
578
222
773
399
894
194
175
873
324
590
861
661
94
465
700
62
223
6
862
606
692
65
789
589
24
748
615
73
19
237
992
697
703
798
867
367
165
62
591
722
373
156
411
766
801
314
293
399
418
984
297
347
450
727
817
512
817
110
248
219
231
449
62
582
338
647
644
433
82
856
778
827
37
381
796
557
421
172
60
582
641
992
642
644
556
805
141
893
990
114
422
160
147
136
101
396
610
542
708
273
130
199
467
57
569
781
676
800
2
90
102
1000
694
700
32
759
702
508
174
652
899
102
527
941
641
107
744
111
364
854
430
149
519
60
5
150
909
774
216
377
903
618
238
148
493
957
516
244
982
946
284
688
742
920
538
19
837
433
77
877
625
622
665
715
219
125
838
464
113
647
534
796
470
695
630
184
60
448
165
846
898
5
947
38
585
73
454
830
225
252
438
859
76
803
717
325
823
289
236
452
255
987
691
426
202
496
728
594
479
756
360
345
435
675
443
969
570
682
386
685
305
354
785
922
993
427
976
532
288
39
895
500
306
186
488
314
204
22
424
714
598
465
405
669
186
117
176
861
404
634
679
271
714
100
217
509
961
116
653
401
960
318
98
199
103
459
153
909
325
675
704
536
885
465
819
246
490
388
243
186
748
849
176
674
753
936
902
999
328
82
776
233
945
773
206
40
153
511
350
427
440
821
484
705
746
743
330
811
485
370
232
714
919
145
480
695
768
176
376
967
254
794
345
473
760
694
856
354
148
130
732
902
57
601
473
4
582
850
619
726
703
325
589
614
789
725
272
438
648
217
245
481
691
939
82
49
114
287
705
778
577
85
203
438
272
12
886
363
229
355
280
621
934
555
38
654
164
194
695
101
336
222
319
459
752
699
244
358
590
798
497
2
831
335
419
733
870
701
242
553
933
412
608
323
409
211
726
833
409
847
862
786
28
501
19
357
258
914
475
427
791
151
110
901
465
402
517
951
550
135
23
578
152
392
73
539
142
856
316
658
582
529
334
266
487
324
227
945
597
672
550
375
681
941
287
770
842
133
173
188
364
263
761
175
63
879
45
596
446
378
43
223
404
322
756
678
743
929
952
362
947
375
113
256
766
604
533
324
350
714
627
837
874
128
777
115
462
238
185
168
579
942
700
246
909
505
215
980
329
538
930
962
11
994
743
737
531
929
794
541
543
696
410
584
202
247
998
306
435
599
410
244
703
832
405
390
15
174
384
413
867
851
690
690
272
387
959
260
764
443
864
626
240
271
632
936
5
957
247
189
903
257
469
23
52
13
414
84
597
105
372
192
236
508
21
674
77
903
81
402
597
134
264
188
65
914
647
359
421
366
242
674
167
302
271
135
668
656
864
893
376
703
968
160
751
824
130
874
537
176
528
36
749
206
996
670
211
859
389
702
449
38
896
88
49
429
258
930
356
422
794
574
734
714
864
508
400
644
470
899
928
118
471
508
305
631
98
736
424
532
690
458
49
372
646
630
973
18
774
786
152
398
350
518
77
662
215
528
621
93
144
974
500
408
247
124
649
306
969
655
445
15
137
111
906
974
120
268
361
24
229
598
881
46
217
196
955
871
466
663
372
968
710
765
116
944
200
481
604
464
413
223
668
895
993
954
771
602
5
640
649
824
777
210
720
905
868
783
935
194
481
328
711
736
744
343
920
203
565
105
496
640
52
454
364
91
341
304
805
295
681
797
967
656
104
978
268
117
271
148
922
702
457
56
1
898
259
81
13
341
612
300
826
692
94
85
630
606
620
575
68
665
2
877
68
467
448
120
625
302
284
498
163
665
462
818
874
914
784
192
812
630
117
395
558
631
150
315
436
538
141
499
168
879
96
84
519
367
633
46
362
684
274
284
330
444
831
713
953
301
502
807
940
978
798
89
1000
200
330
220
985
243
348
429
621
390
122
766
732
82
293
628
977
918
484
369
152
886
402
564
21
723
263
615
280
410
808
949
962
400
115
958
546
860
108
438
884
611
235
853
104
801
416
772
340
407
451
486
102
820
605
69
488
569
119
245
529
751
365
905
782
567
183
401
720
101
80
370
224
724
498
893
241
58
355
323
838
47
824
147
699
537
755
73
852
422
616
807
483
686
368
47
114
323
180
626
593
163
741
39
698
831
499
408
182
996
694
434
993
779
922
345
286
94
40
250
530
403
178
447
718
102
952
27
86
307
27
552
97
55
614
592
960
919
959
328
349
941
784
317
102
918
718
707
369
538
471
539
688
184
462
698
694
651
636
292
160
556
357
172
62
189
918
145
65
208
391
736
641
643
316
644
177
471
435
901
660
658
408
499
329
502
124
205
280
619
799
56
198
465
289
209
15
976
933
971
971
909
779
672
160
18
184
419
993
632
991
903
273
430
97
424
423
935
61
394
750
190
356
771
474
330
429
753
109
526
426
870
438
758
575
112
201
948
761
949
508
917
828
404
566
838
39
405
925
54
732
618
620
139
207
923
325
143
783
138
445
823
391
950
635
468
743
580
118
572
619
305
592
234
677
396
846
835
842
574
775
450
8
781
328
41
23
730
534
675
111
724
986
491
154
549
148
753
63
297
678
806
914
905
693
765
765
668
745
739
366
478
848
310
227
878
633
973
262
205
762
674
489
489
23
857
696
626
190
639
155
652
784
401
831
849
430
282
492
501
224
45
258
526
308
856
688
689
884
748
652
578
480
476
6
344
363
803
846
260
243
933
908
60
242
185
608
548
717
630
974
841
402
594
129
302
701
74
962
637
25
762
567
941
791
532
120
773
575
52
690
278
49
929
241
765
93
20
500
423
992
584
467
808
683
33
597
562
218
284
805
410
55
994
573
153
869
705
341
962
655
667
900
103
255
60
652
687
11
291
478
980
697
844
700
99
690
930
464
700
142
977
323
1
549
865
469
858
224
747
757
872
33
722
47
851
775
929
686
704
767
428
816
692
299
893
821
244
557
221
382
718
353
917
679
665
960
954
65
748
904
121
536
561
419
14
957
313
941
806
503
969
804
48
280
470
601
259
497
32
944
114
831
212
395
948
633
930
383
361
974
142
518
937
410
48
739
214
628
320
666
180
267
178
293
33
170
788
210
517
714
54
318
437
713
673
412
319
75
102
959
597
584
70
675
423
642
483
604
989
285
714
167
531
798
496
326
235
911
623
345
32
346
362
9
24
569
161
728
507
218
41
620
327
514
292
295
475
850
85
640
916
12
498
620
319
292
460
672
71
516
887
309
745
674
662
647
959
274
254
886
670
858
196
78
258
549
795
328
678
257
881
725
116
512
782
10
825
36
915
419
99
401
393
553
356
23
210
139
395
451
356
663
595
876
924
429
399
470
995
108
416
547
448
413
974
258
644
33
805
36
42
468
579
92
172
842
292
595
584
198
511
365
935
349
879
169
808
538
112
692
544
975
63
717
311
971
80
329
531
650
259
989
473
32
44
601
573
698
622
950
565
260
501
480
647
449
926
887
946
4
48
38
552
579
530
393
384
803
407
817
719
746
668
119
476
100
882
959
631
928
141
892
881
564
82
431
450
533
66
452
636
615
704
214
937
563
480
795
837
103
271
376
942
94
566
963
188
52
690
681
162
531
285
537
26
564
825
814
139
389
994
643
158
762
934
343
902
308
586
617
134
27
390
565
638
442
740
322
808
695
925
111
418
38
325
144
66
141
135
917
560
836
635
693
145
193
880
150
380
663
571
120
820
401
204
41
992
637
905
971
907
758
475
461
687
664
820
110
481
209
634
257
318
894
717
110
29
124
290
529
776
405
516
217
380
627
837
566
880
69
718
382
505
181
188
730
714
505
468
105
487
724
24
163
411
670
639
93
916
945
301
811
497
76
448
354
535
7
162
542
162
424
297
851
89
188
248
844
843
816
519
663
794
249
669
512
529
339
785
951
292
928
517
730
504
662
581
243
739
823
123
95
136
91
984
744
302
275
559
141
164
429
250
408
195
214
34
351
47
853
51
733
513
617
626
598
241
178
192
799
747
666
709
686
508
175
208
501
341
511
870
424
198
389
67
988
122
256
236
898
237
414
153
908
746
285
835
705
260
236
922
250
985
782
365
659
788
113
697
444
749
967
39
650
574
639
251
303
486
843
143
657
680
636
221
525
217
789
922
95
917
1
664
849
790
808
260
33
368
244
198
589
8
448
91
199
487
751
921
346
174
118
244
915
392
262
968
458
806
793
941
739
890
554
874
689
365
614
451
73
237
411
542
117
667
777
886
911
665
275
353
575
692
515
652
220
140
883
610
548
518
893
365
729
434
130
437
847
472
309
837
719
219
312
399
268
540
583
74
293
243
60
752
529
212
527
432
670
548
407
250
983
794
309
918
302
948
938
365
307
117
375
865
349
872
511
646
290
967
82
219
783
83
154
112
974
6
951
568
833
657
134
639
767
706
975
590
713
834
340
23
243
135
208
26
480
162
612
148
351
132
491
448
591
719
988
386
711
536
419
119
781
732
706
585
578
32
343
443
726
629
683
595
214
578
702
274
858
758
997
266
646
573
25
780
22
686
447
570
866
792
726
100
734
413
624
889
109
26
155
379
218
709
51
18
85
950
115
406
929
612
753
530
199
708
59
735
223
570
75
371
904
370
847
956
171
546
248
618
51
394
568
17
136
483
626
113
880
516
575
744
107
424
718
484
959
905
565
885
520
605
260
712
998
525
800
87
182
578
459
603
187
99
514
546
831
576
404
617
929
259
989
101
450
275
212
371
545
538
440
236
896
165
114
311
182
774
670
677
873
636
307
397
920
3
408
327
80
884
783
839
743
163
29
644
681
336
696
391
269
756
334
923
922
553
579
147
691
183
744
967
5
50
826
502
91
300
171
295
487
125
776
371
489
965
494
724
790
37
574
83
223
26
129
135
177
299
166
295
525
988
385
865
409
804
786
821
500
902
307
250
26
97
658
410
444
357
135
618
648
149
936
550
262
690
27
349
377
248
735
148
570
676
623
529
423
676
868
638
966
908
837
831
220
520
851
499
637
95
171
741
144
517
350
970
36
191
207
699
635
650
562
747
848
12
465
741
62
655
541
5
720
740
766
475
918
284
360
889
966
997
721
795
84
551
423
439
158
928
707
541
323
141
810
594
217
857
317
170
590
541
468
490
562
147
733
62
47
747
48
284
873
214
949
465
17
584
293
717
378
527
153
1000
820
308
798
445
111
390
994
995
641
785
539
277
445
185
970
304
627
741
586
164
470
816
607
320
125
672
149
291
268
91
842
890
979
790
804
627
13
655
33
850
118
562
785
798
953
292
780
503
303
851
785
45
197
761
310
63
270
977
765
690
338
956
176
642
426
708
804
331
273
978
260
167
161
936
311
680
874
689
329
891
657
241
543
889
18
589
157
475
544
468
718
865
531
686
77
713
220
501
915
590
167
265
370
283
354
548
209
897
341
62
113
476
982
132
923
336
680
552
361
729
735
183
850
708
908
820
44
938
981
726
65
9
826
688
471
693
797
968
583
111
761
837
988
992
287
11
932
90
364
863
949
639
253
611
394
287
554
209
852
423
272
262
575
473
287
967
12
812
777
126
764
369
703
42
55
283
399
319
654
389
351
677
474
946
30
947
795
746
441
11
97
102
222
378
716
535
867
361
564
676
316
877
194
698
318
125
964
41
737
973
394
311
134
127
547
771
903
769
503
511
63
687
572
372
952
865
948
552
809
776
779
931
1
990
598
537
753
144
774
583
230
936
869
912
19
708
414
507
521
325
654
776
953
142
579
371
362
788
761
618
298
122
310
384
14
958
266
44
210
55
587
858
776
84
357
693
96
949
767
249
483
544
777
482
242
577
351
357
417
202
854
72
475
529
449
886
449
194
467
245
895
452
606
719
442
715
407
148
537
804
656
427
329
244
908
294
546
122
909
34
359
978
114
987
131
800
934
989
673
938
31
440
551
6
47
783
91
164
541
323
51
714
325
565
914
856
767
90
731
24
75
713
405
850
696
211
849
36
795
133
33
306
327
512
952
798
426
825
893
391
479
608
848
843
184
506
40
335
288
246
552
199
91
64
204
988
961
362
1000
184
465
598
29
245
984
845
83
156
545
926
472
610
725
27
713
950
712
53
839
957
140
221
693
914
790
271
917
812
679
593
426
403
909
624
260
700
601
687
485
317
870
56
851
83
442
899
367
487
431
533
581
27
82
189
502
220
787
891
999
242
58
535
992
843
368
435
425
768
879
468
343
328
335
313
180
715
162
691
960
128
638
774
778
480
960
558
124
656
93
707
544
659
928
179
600
596
825
326
794
79
594
740
647
438
49
246
884
884
580
453
397
920
153
907
226
173
975
310
962
522
912
723
281
483
305
915
595
333
152
219
838
975
69
570
736
401
369
508
416
817
740
709
940
623
582
282
768
136
254
364
884
46
265
612
758
618
317
412
18
405
340
495
73
35
356
508
655
307
47
620
548
286
507
394
365
504
488
337
857
526
643
355
739
208
19
357
689
537
849
480
64
247
42
860
36
138
997
708
509
339
650
299
768
700
356
37
481
1
998
725
910
389
418
996
836
913
332
267
138
229
548
367
658
12
175
360
187
719
741
273
839
28
549
759
502
211
591
419
605
335
114
31
995
821
995
772
403
815
584
30
227
207
311
298
251
6
250
486
909
65
311
349
477
515
594
342
235
107
161
714
346
404
525
105
904
687
177
866
634
341
59
215
603
944
459
790
865
64
216
405
371
991
502
220
587
228
259
851
873
856
921
239
902
90
573
221
362
266
988
891
439
965
86
411
370
775
874
783
895
112
462
130
777
729
457
778
920
845
879
156
88
732
508
206
418
931
686
940
229
68
961
20
750
640
730
335
94
380
115
358
7
417
274
659
66
50
667
277
227
708
774
597
167
251
866
182
857
353
541
792
446
16
292
14
586
853
511
41
705
232
698
34
105
77
867
93
703
206
488
234
516
523
355
318
579
300
976
702
455
422
210
987
521
779
784
924
729
737
609
475
165
612
833
384
346
150
656
775
819
535
794
430
572
564
663
94
579
57
932
571
828
732
784
587
979
671
534
577
84
589
98
260
519
520
641
234
222
717
784
354
268
384
442
191
792
867
949
263
653
911
905
62
239
278
381
740
981
342
19
661
968
328
807
762
154
519
123
977
817
77
463
497
599
314
886
294
651
47
852
179
930
261
807
711
846
672
955
809
153
159
325
515
275
297
956
47
706
836
169
827
8
361
526
352
20
784
288
735
854
10
226
360
622
373
294
523
934
844
733
757
397
725
524
792
687
341
587
319
192
677
122
274
729
303
836
557
129
137
572
424
241
64
725
644
870
506
122
576
563
329
27
795
703
190
990
954
891
873
287
851
732
519
615
609
472
150
52
536
428
753
4
813
138
768
689
175
387
528
967
331
876
670
600
86
269
225
33
187
554
95
890
925
666
599
972
656
231
358
87
160
743
251
167
509
793
649
406
540
485
18
466
903
419
222
775
672
350
283
666
804
780
900
350
30
660
75
299
758
616
996
805
4
813
382
204
322
580
814
407
358
458
151
864
835
479
523
955
541
93
845
929
865
840
716
793
380
121
540
20
920
166
254
791
80
45
331
134
360
984
599
509
158
738
814
741
535
363
237
629
324
725
178
344
688
99
788
919
838
843
871
438
548
24
306
269
769
960
776
695
694
768
28
840
591
919
985
342
206
947
671
556
647
523
899
985
763
707
505
335
169
501
395
744
957
654
291
129
764
79
987
693
158
796
933
243
699
277
239
906
582
570
652
556
937
322
334
274
945
639
827
688
525
146
744
161
940
828
481
357
600
523
317
815
429
370
481
292
299
561
473
604
123
332
7
140
405
12
411
751
847
6
354
591
482
47
6
817
182
217
716
841
576
95
933
692
690
944
360
553
521
341
88
86
958
339
183
163
608
834
200
430
637
550
698
20
351
613
140
282
415
355
732
475
508
520
369
223
998
428
928
799
627
407
318
885
648
978
703
79
17
736
935
246
242
734
637
939
876
230
189
568
677
598
5
196
565
199
883
135
946
442
302
804
976
910
318
617
792
310
901
927
237
534
973
828
596
26
710
711
658
43
144
482
276
569
726
641
251
127
435
514
391
992
315
317
706
788
883
191
364
513
46
191
541
845
744
870
856
579
493
604
641
704
668
571
875
573
712
84
524
913
85
856
298
797
941
567
964
271
842
596
769
67
374
55
788
670
685
547
297
774
807
728
779
486
182
578
613
330
276
892
972
907
155
695
864
845
903
680
412
865
944
800
70
376
657
65
777
694
911
764
553
614
265
268
631
659
355
360
174
215
336
250
818
82
70
242
689
769
215
424
18
58
282
592
371
702
972
295
845
536
850
612
34
917
783
670
208
972
451
184
760
939
682
589
904
858
33
295
291
391
887
530
197
912
475
687
326
560
232
823
544
691
573
283
478
919
773
999
789
386
832
887
126
72
395
432
112
611
256
662
577
19
397
783
394
806
247
867
881
758
107
61
319
400
830
211
365
109
350
256
263
182
290
67
401
608
844
307
970
376
956
337
352
31
917
161
902
118
729
910
570
395
480
174
996
915
478
126
435
65
114
438
651
337
252
289
721
424
63
866
170
779
677
601
660
643
429
746
207
535
424
903
297
730
723
655
796
786
442
169
760
778
601
760
838
306
12
804
699
215
989
492
180
869
305
260
479
573
324
569
630
343
269
854
948
652
717
436
354
58
434
457
847
899
161
796
319
491
109
7
744
25
383
858
403
829
70
98
893
541
676
120
914
858
367
639
105
983
800
591
781
114
845
227
202
392
605
931
465
129
302
966
548
921
856
736
196
781
264
961
864
648
34
74
199
739
827
864
203
574
610
667
12
150
928
490
765
839
698
244
564
407
699
882
280
30
42
486
320
233
824
278
179
287
476
787
479
758
151
690
577
263
149
525
813
826
117
304
789
736
308
790
892
989
752
608
104
604
682
483
490
541
405
741
347
669
240
290
764
878
576
430
52
414
274
135
401
486
709
812
202
23
228
549
715
902
195
741
430
506
303
742
138
612
605
927
674
198
320
485
358
250
327
212
500
61
918
422
528
80
681
868
314
854
732
857
381
273
100
454
56
555
908
538
987
227
980
619
94
297
416
857
1000
31
159
696
136
661
957
286
995
864
264
879
743
640
119
352
372
407
997
215
34
768
438
404
440
606
42
271
718
403
58
19
192
393
21
319
313
239
60
78
958
153
424
289
63
16
759
617
655
456
377
91
398
836
820
754
32
677
667
306
861
485
650
475
194
245
326
721
495
432
831
177
604
753
361
908
965
243
803
758
939
711
600
259
612
787
427
439
590
600
344
287
762
414
523
360
818
108
98
667
133
192
837
453
527
888
83
375
258
614
157
717
326
879
518
671
420
301
242
931
846
281
458
787
100
650
595
344
717
586
279
454
706
438
196
903
579
610
435
875
603
113
191
700
904
540
312
225
128
874
951
675
975
380
361
255
488
137
728
423
398
739
786
819
430
2
26
691
636
158
903
990
157
833
752
691
12
776
898
341
432
97
625
277
397
129
387
700
218
180
237
303
472
813
731
696
929
482
457
932
441
415
923
33
771
375
23
195
112
405
476
334
166
360
645
424
205
976
1000
287
125
84
814
182
599
204
270
299
234
379
327
885
226
176
404
626
736
630
889
454
436
746
759
305
566
18
19
373
752
250
644
35
919
942
59
402
626
84
402
472
966
892
623
967
670
592
169
565
962
411
527
524
430
509
92
642
186
838
265
258
128
351
736
108
745
478
474
913
765
825
182
166
823
330
482
896
72
3
246
14
608
767
157
425
502
508
882
192
971
467
413
281
120
685
802
456
48
709
594
55
142
56
143
57
281
112
401
663
209
281
724
759
399
48
670
487
810
468
707
862
46
692
850
655
624
602
505
766
579
904
682
906
431
636
60
20
172
720
571
298
714
170
672
800
226
898
341
374
380
345
717
954
413
405
169
58
234
200
992
984
606
107
662
136
930
389
192
551
775
129
517
769
942
434
606
89
82
841
284
345
821
143
894
854
328
832
893
476
451
465
286
613
606
559
808
360
939
463
259
676
554
24
368
524
242
542
611
819
727
128
465
155
789
15
501
181
829
823
961
136
815
71
948
442
540
396
569
221
716
224
864
251
858
394
963
464
187
477
320
487
17
956
338
524
396
527
129
28
1000
140
255
474
386
946
298
142
203
997
500
22
151
568
460
555
285
599
74
370
806
556
229
104
642
698
286
526
81
944
94
962
899
721
52
553
76
206
77
24
438
109
304
284
364
566
309
12
175
931
920
837
548
464
966
961
534
464
683
954
884
795
344
926
595
659
783
528
767
667
735
953
859
871
41
274
661
711
723
616
442
3
92
167
301
432
329
422
920
185
840
464
991
957
497
958
720
517
462
425
390
299
15
347
819
791
275
638
525
285
864
470
192
196
224
233
3
424
427
403
967
40
900
795
559
488
279
973
621
396
33
963
202
267
417
884
360
876
236
825
387
698
387
551
274
610
766
901
896
439
868
815
877
530
660
247
716
85
731
846
538
298
638
21
311
194
33
988
707
964
422
555
728
520
952
238
778
416
951
365
599
579
188
753
177
416
497
535
899
715
188
306
608
366
603
107
545
192
540
973
801
392
104
961
837
901
694
580
966
725
527
311
766
457
275
60
446
145
352
170
351
871
429
240
710
846
451
315
867
9
855
101
353
882
949
936
406
883
996
393
200
937
1
960
962
486
83
951
155
239
610
510
715
910
329
836
870
565
63
680
932
997
680
205
981
721
27
487
252
137
338
335
230
476
201
858
518
346
82
711
733
693
443
68
947
127
854
174
604
658
132
783
436
233
157
663
222
208
788
978
91
555
519
125
116
260
64
931
473
955
762
346
825
364
628
278
115
395
293
341
948
358
184
881
71
294
314
137
89
143
491
890
876
206
87
949
590
965
674
269
379
390
4
806
799
50
342
488
806
508
649
543
706
508
498
806
150
612
165
296
633
566
149
745
402
417
14
915
395
990
21
916
812
72
834
889
678
147
650
227
167
646
312
814
756
57
780
565
289
196
788
632
365
833
4
292
801
323
125
40
305
957
870
613
643
115
513
578
780
83
929
358
662
736
832
199
677
464
609
547
941
330
407
852
307
957
127
854
196
409
186
551
878
633
135
670
878
102
489
219
180
210
52
608
988
781
406
501
260
705
703
32
51
343
535
843
941
73
25
373
557
300
798
323
644
9
735
202
645
819
757
337
423
126
814
167
919
501
757
459
936
634
950
677
111
885
292
966
828
743
171
567
325
765
432
346
121
678
257
565
456
284
927
153
710
754
193
157
806
285
202
38
76
295
232
932
837
446
149
80
780
854
647
810
666
819
633
868
214
726
18
330
373
97
454
163
104
184
681
134
964
631
235
866
259
438
650
357
52
327
372
446
579
798
317
353
238
170
927
892
985
479
18
887
121
136
747
394
174
298
809
334
867
932
772
831
588
326
741
60
685
203
957
94
393
892
62
528
448
948
758
867
967
763
901
746
385
904
657
213
79
941
701
90
709
519
123
716
24
618
403
395
541
9
280
378
787
468
686
101
622
722
268
584
345
944
90
722
438
225
109
917
199
68
754
229
913
379
222
178
284
488
188
891
46
562
976
369
780
360
870
669
410
960
116
412
299
964
374
18
93
770
124
375
824
759
612
418
234
672
448
679
226
532
858
22
307
703
750
442
57
824
446
562
754
939
869
218
900
215
80
236
628
404
380
737
623
111
345
957
116
209
241
144
158
750
192
905
153
560
994
217
454
654
48
712
424
87
225
325
414
338
863
636
684
463
290
338
993
327
347
171
980
805
521
986
249
707
372
420
112
987
37
971
521
207
158
817
13
730
130
665
766
990
645
7
327
163
392
382
867
328
408
555
344
645
165
550
911
1000
779
920
429
874
69
720
623
160
45
516
952
235
343
125
687
658
641
834
880
769
514
494
559
9
876
898
688
311
374
826
194
366
810
917
615
352
260
255
8
676
856
782
420
199
198
760
11
144
215
750
713
73
935
311
322
964
769
795
415
967
642
277
165
657
351
958
137
793
219
61
177
313
645
783
167
95
35
278
373
572
131
68
432
989
367
965
65
841
823
554
437
687
772
861
875
429
876
552
796
962
242
734
572
852
406
403
762
272
532
808
562
567
70
229
961
583
602
859
982
62
442
97
802
538
701
705
85
494
718
230
233
717
619
58
530
492
118
952
906
515
958
187
825
822
409
706
170
417
720
270
359
936
590
899
745
940
450
146
426
280
29
984
790
687
971
717
657
827
587
243
718
816
717
615
735
839
503
597
701
674
748
259
298
467
502
344
193
299
210
602
657
811
823
169
415
299
431
714
661
102
42
522
256
847
591
457
261
633
632
765
978
406
339
81
230
303
698
98
206
957
11
489
558
282
829
972
668
323
651
538
283
30
171
756
538
39
114
182
306
305
645
524
286
145
720
775
537
682
688
830
165
356
822
860
696
138
508
796
883
765
33
771
422
805
936
104
190
265
229
249
162
772
608
244
208
443
626
274
750
281
133
16
956
400
805
776
638
211
902
759
443
176
575
617
10
120
314
407
768
665
716
907
418
260
605
766
757
129
364
889
101
976
961
961
254
415
812
779
347
331
65
494
624
622
664
996
105
418
204
481
96
538
78
396
544
729
743
901
37
793
395
720
230
776
596
428
904
32
881
250
431
449
685
570
461
710
32
477
64
834
797
762
147
582
667
683
131
447
1000
240
36
461
105
980
219
94
927
357
978
760
612
911
288
334
139
354
2
88
605
834
107
800
884
703
597
262
660
411
595
469
451
86
328
73
633
669
472
222
196
705
910
584
436
868
614
117
403
244
63
123
51
351
210
368
629
109
882
183
674
855
851
774
449
170
424
360
923
749
384
620
273
89
212
699
306
822
510
985
216
12
538
740
239
861
561
945
416
776
787
317
622
986
724
860
994
967
641
563
705
527
605
395
280
686
975
666
394
128
585
675
760
199
339
374
664
677
493
804
746
160
622
251
824
15
156
423
111
926
142
488
921
913
529
286
679
120
613
100
328
663
947
205
253
256
528
598
7
169
575
225
912
777
827
66
706
36
258
410
314
414
203
174
371
33
176
596
340
558
302
24
721
293
759
331
229
879
6
540
503
137
155
883
612
948
561
925
187
504
724
729
870
276
811
203
441
628
611
48
645
702
993
446
633
159
562
541
677
631
281
110
852
708
533
122
741
226
602
303
813
140
245
388
103
731
942
994
350
137
97
470
857
974
727
155
885
957
594
316
816
799
822
627
785
749
110
353
8
328
554
186
223
239
789
491
355
13
311
967
419
199
287
390
194
399
301
814
443
923
657
174
517
414
322
63
662
560
705
580
180
119
588
104
299
409
715
843
508
523
522
882
501
25
590
737
234
400
194
18
109
557
352
686
284
129
81
775
140
339
780
306
414
197
460
356
261
28
544
127
99
857
406
588
422
56
224
364
858
787
347
563
852
256
49
520
588
720
834
946
163
752
955
564
21
528
602
539
565
788
865
852
393
647
800
515
388
693
987
359
989
663
595
495
539
696
72
610
255
780
439
305
762
797
170
706
70
267
576
916
647
87
205
494
308
18
176
309
444
764
197
177
405
701
237
921
399
342
175
867
405
250
386
380
931
958
383
746
468
360
916
759
869
59
433
376
276
210
777
475
333
533
597
706
626
113
221
541
607
789
586
758
665
667
611
517
568
865
54
948
622
918
501
488
337
607
299
773
89
180
404
217
539
817
608
434
788
630
156
117
324
314
169
769
636
306
851
713
709
982
100
40
347
775
324
366
245
593
789
217
713
369
313
115
19
958
221
202
361
509
442
735
595
20
711
83
424
286
212
570
766
741
121
961
408
522
727
197
428
937
256
143
700
310
587
799
738
438
57
611
324
191
848
288
684
562
431
45
740
122
558
796
879
26
207
305
913
500
21
142
49
182
189
142
811
891
927
872
722
491
271
668
756
513
482
785
904
832
298
427
598
806
456
773
877
628
804
640
748
412
111
893
766
485
258
905
661
543
793
972
528
247
13
536
81
415
211
190
47
973
738
220
96
220
527
139
37
473
805
823
192
469
597
684
628
277
701
775
351
900
408
306
709
635
330
12
21
970
535
181
715
553
103
874
590
5
421
549
681
574
116
893
601
765
708
436
303
542
675
161
240
287
644
994
189
593
536
687
570
60
749
835
695
46
696
3
811
196
906
824
881
734
514
362
600
716
478
117
861
665
873
627
810
293
273
566
175
67
453
72
834
516
986
896
454
899
712
60
18
977
906
338
680
840
405
844
942
313
78
469
70
125
252
809
273
207
17
699
301
243
568
724
576
92
685
152
922
917
815
286
938
949
128
59
311
947
18
510
967
334
135
892
866
382
146
539
792
103
121
233
337
697
735
277
36
888
999
598
942
143
679
257
976
374
157
502
842
182
716
301
71
929
431
987
775
114
418
907
574
867
588
728
999
309
258
962
610
591
186
673
267
58
528
568
990
997
327
824
274
350
995
438
445
647
781
163
861
608
962
773
608
653
884
127
840
867
988
663
475
758
234
234
450
233
441
420
912
497
61
626
111
667
867
542
263
173
372
365
838
604
407
806
217
719
463
348
953
478
339
203
165
798
780
359
5
353
93
782
594
806
578
261
844
998
206
559
974
13
992
895
740
342
729
42
361
620
181
60
483
851
59
463
613
520
780
928
993
822
667
676
5
208
335
187
811
616
708
67
414
33
929
4
258
813
873
857
165
316
629
495
618
187
222
121
444
168
686
213
157
949
229
338
958
441
423
548
383
88
255
737
240
367
301
741
633
284
441
875
812
235
311
168
828
275
946
654
979
700
651
46
606
617
842
158
871
744
900
317
844
32
246
802
325
78
816
825
19
505
420
936
780
67
591
837
895
535
812
622
608
851
780
611
545
712
706
576
838
901
23
254
552
87
66
897
860
758
844
36
554
674
563
48
686
566
268
599
862
791
336
215
567
115
451
652
555
307
184
27
542
672
982
580
703
969
703
724
796
499
215
845
580
513
109
112
650
804
999
602
232
910
2
567
242
417
99
224
372
180
638
406
603
64
825
734
739
346
401
876
779
592
318
281
503
929
622
903
858
697
90
819
398
219
920
536
99
382
412
41
615
210
520
759
759
508
311
787
447
651
358
247
719
95
252
722
65
677
28
602
994
689
900
446
817
682
820
993
695
807
515
942
641
638
463
787
40
835
686
449
123
717
482
97
674
312
691
235
247
552
43
129
4
555
768
989
209
626
414
910
995
551
454
721
922
671
145
299
509
160
992
378
656
594
810
699
379
331
149
396
538
698
405
190
599
474
209
858
339
461
620
289
980
372
580
275
333
965
721
794
985
197
414
991
749
968
386
64
91
53
251
629
462
391
910
792
516
477
886
773
511
395
510
115
802
520
248
709
669
945
997
44
107
740
805
759
690
366
695
790
804
460
914
53
872
607
625
613
612
980
61
195
248
739
725
183
955
569
929
187
608
320
124
248
118
559
112
186
453
380
925
929
697
421
893
265
454
53
753
308
724
737
287
1
392
337
725
558
772
879
444
972
517
838
331
68
620
143
448
61
724
698
786
941
638
5
511
51
747
145
857
109
964
666
28
882
719
492
724
754
272
231
334
92
126
556
58
273
378
254
841
723
288
241
518
829
38
294
9
649
715
937
89
203
808
885
4
4
190
674
720
101
208
507
909
995
531
913
940
21
326
77
951
101
33
150
417
223
876
265
787
440
243
649
566
744
38
773
652
706
872
681
186
915
586
859
407
239
788
785
175
821
211
158
409
128
437
854
920
130
124
527
537
171
438
688
82
179
228
148
798
554
515
45
552
490
518
564
986
246
52
719
523
361
333
912
762
524
508
532
442
150
595
772
833
913
568
251
458
189
988
771
415
573
729
517
176
61
307
283
877
826
466
296
305
584
899
451
303
574
425
116
26
177
409
335
382
264
210
951
477
373
949
755
301
715
538
28
802
599
373
762
233
952
898
258
406
129
71
937
12
640
207
948
928
45
237
835
431
446
720
805
879
229
762
940
30
981
27
779
874
479
936
381
739
68
620
805
916
268
330
9
846
694
278
666
812
790
339
684
380
452
320
701
65
940
263
130
928
679
680
626
789
208
760
976
991
737
103
916
543
288
321
230
907
825
406
447
34
590
546
148
223
744
536
419
999
589
416
568
415
483
38
160
615
740
842
606
517
722
924
225
549
229
565
341
443
734
764
263
98
166
69
114
45
178
259
164
307
185
553
305
781
51
705
919
265
967
298
855
526
927
913
899
67
536
262
58
527
359
476
139
773
857
350
4
392
548
357
538
675
284
791
938
242
4
423
146
831
75
462
430
68
899
530
105
677
691
735
182
222
211
746
741
840
352
510
791
942
86
853
795
782
180
822
722
480
388
578
75
345
708
847
454
457
521
905
519
181
553
147
699
241
229
387
846
982
478
523
713
451
600
409
728
480
269
309
75
423
854
196
186
679
595
466
181
514
924
56
421
244
323
823
304
849
450
714
445
17
809
582
600
997
573
378
719
203
430
117
31
192
169
98
480
692
157
24
591
756
620
331
462
84
249
262
549
581
626
390
763
6
581
320
222
89
315
292
856
114
837
98
437
827
794
85
840
157
761
813
351
337
911
600
744
48
144
236
493
253
275
845
166
783
419
599
969
201
5
12
216
172
256
531
671
122
269
78
666
123
734
368
93
227
517
899
623
527
797
126
269
915
614
220
567
277
888
459
595
271
726
530
8
453
932
193
347
245
536
150
444
204
123
286
726
318
621
641
174
81
276
638
995
216
851
743
941
661
862
354
637
687
651
153
113
745
748
848
290
211
192
877
806
537
234
367
626
340
510
182
37
47
588
431
20
537
656
491
795
982
904
9
122
338
687
85
661
612
598
145
351
394
975
14
339
10
834
242
58
261
416
498
754
672
589
771
60
495
245
816
405
328
950
995
897
905
174
755
37
615
101
609
628
217
494
254
219
769
429
489
443
8
